Hydration	C3S	C2S	C3A	C4AF	MK	CSHQ	Portlandite	Gypsum	Calcite	AFt	AFm	MC	HC	Stratlingite	C3AH6	Hydrotalcite	Fe-siliceous hy	aq_gen
-10.380211	48.558673	4.2210527	6.91	7.2	16.141864	0.78334411	0	4.1271157	8.6598008	2.4041811	0	0	0	0	0	0	0	49.615392
-3	48.552382	4.2200526	6.91	7.2	16.140431	0.79235577	0	4.1251055	8.6598005	2.411703	0	0	0	0	0	0	0	49.609567
-2.9586073	48.551615	4.2199763	6.9099953	7.2	16.140287	0.79338419	0	4.1249522	8.6598005	2.4124764	0	0	0	0	0	0	0	49.608907
-2.9208187	48.550835	4.2199016	6.9098863	7.199999	16.140144	0.79442739	0	4.1246051	8.6598005	2.4137371	0	0	0	0	0	0	0	49.608056
-2.8860566	48.550041	4.2198283	6.9096927	7.1999948	16.140001	0.79548467	0	4.1240992	8.6598004	2.4153989	0	0	0	0	0	0	0	49.607047
-2.8239087	48.548415	4.2196855	6.9094455	7.1999872	16.139714	0.79763704	0	4.1233714	8.6598003	2.4180699	0	0	0	0	0	0	0	49.605253
-2.79588	48.547585	4.2196157	6.9091484	7.1999764	16.139571	0.79873178	0	4.1226771	8.6598002	2.4202296	0	0	0	0	0	0	0	49.604037
-2.7447275	48.545893	4.2194792	6.9087999	7.199962	16.139285	0.80095297	0	4.1217778	8.6598001	2.4233886	0	0	0	0	0	0	0	49.602024
-2.7212464	48.545032	4.2194122	6.9083963	7.1999438	16.139142	0.80208025	0	4.1208865	8.6598	2.4260618	0	0	0	0	0	0	0	49.600598
-2.6777807	48.543283	4.2192806	6.9079327	7.1999213	16.138855	0.80436195	0	4.1197843	8.6597999	2.4297766	0	0	0	0	0	0	0	49.598344
-2.6197888	48.540595	4.2190885	6.9074029	7.1998938	16.138426	0.80785051	0	4.1184806	8.6597997	2.4345623	0	0	0	0	0	0	0	49.595222
-2.5850266	48.538763	4.2189635	6.9067999	7.1998608	16.138139	0.81021907	0	4.1171375	8.6597995	2.4389511	0	0	0	0	0	0	0	49.592669
-2.537602	48.535962	4.21878	6.9061155	7.1998215	16.13771	0.81382773	0	4.1155753	8.6597992	2.4444862	0	0	0	0	0	0	0	49.589203
-2.5086383	48.534061	4.2186601	6.9053406	7.1997748	16.137424	0.81627132	0	4.1139213	8.6597991	2.4497076	0	0	0	0	0	0	0	49.586298
-2.455932	48.530185	4.2184256	6.9044647	7.1997198	16.136851	0.82123334	0	4.1119664	8.6597989	2.4569225	0	0	0	0	0	0	0	49.58166
-2.4202164	48.527217	4.2182537	6.9034761	7.1996552	16.136422	0.82502211	0	4.1098709	8.6597986	2.4639344	0	0	0	0	0	0	0	49.577546
-2.3767507	48.523185	4.2180294	6.9023617	7.1995795	16.13585	0.83015278	0	4.1075062	8.6597983	2.4723099	0	0	0	0	0	0	0	49.572385
-2.3372422	48.519074	4.2178099	6.9011067	7.1994912	16.135277	0.83536984	0	4.1048947	8.659798	2.4813708	0	0	0	0	0	0	0	49.566922
-2.2924298	48.513832	4.2175416	6.8996946	7.1993883	16.134562	0.84200119	0	4.1019786	8.6597976	2.4919493	0	0	0	0	0	0	0	49.560318
-2.251812	48.508485	4.2172793	6.8981068	7.1992687	16.133847	0.84874829	0	4.0987571	8.659797	2.5033848	0	0	0	0	0	0	0	49.553332
-2.2146702	48.50304	4.2170225	6.8963228	7.1991299	16.133132	0.85560493	0	4.0951793	8.6597967	2.5157841	0	0	0	0	0	0	0	49.54593
-2.1739252	48.496386	4.2167205	6.8943192	7.1989691	16.132274	0.86396221	0	4.0912034	8.6597962	2.5300081	0	0	0	0	0	0	0	49.537228
-2.1307683	48.48847	4.2163761	6.8920703	7.198783	16.131273	0.87388191	0	4.0867959	8.6597956	2.5461866	0	0	0	0	0	0	0	49.527148
-2.091515	48.480401	4.2160392	6.889547	7.1985678	16.130273	0.88397271	0	4.0818958	8.659795	2.5637135	0	0	0	0	0	0	0	49.516479
-2.0457575	48.469819	4.2156157	6.8867171	7.1983192	16.128987	0.88923765	0	4.0744523	8.6597942	2.5842506	0	0	0	0	0	0	0	49.505674
-2.0087739	48.460233	4.2152475	6.8835444	7.1980323	16.127844	0.89303261	0	4.0663166	8.659793	2.6057259	0	0	0	0	0	0	0	49.495069
-1.9665762	48.448029	4.2147969	6.8799884	7.1977015	16.126416	0.90792616	0	4.0595859	8.6597922	2.6305937	0	0	0	0	0	0	0	49.479596
-1.924453	48.434343	4.2143124	6.8760042	7.1973202	16.124845	0.9278328	0	4.0499254	8.6597911	2.6583093	0	0	0	0	0	0	0.025304097	49.461958
-1.8827287	48.419124	4.2137956	6.8715413	7.1968811	16.123132	0.94644414	0	4.0415655	8.6597895	2.6891651	0	0	0	0	0	0	0.025828624	49.44271
-1.8416375	48.402323	4.213248	6.8665436	7.1963756	16.121277	0.96695699	0	4.0322569	8.6597887	2.7234211	0	0	0	0	0	0	0.02641479	49.421394
-1.7986029	48.382566	4.2126304	6.8609485	7.195794	16.119137	0.99106179	0	4.0219439	8.6597874	2.7621429	0	0	0	0	0	0	0.027063556	49.396925
-1.7594507	48.36244	4.2120264	6.8546859	7.195125	16.116998	1.0155732	0	4.0103349	8.6597859	2.8041862	0	0	0	0	0	0	0.027794286	49.371049
-1.7166988	48.337844	4.2113174	6.8476781	7.1943559	16.114433	1.0455437	0	3.9975	8.6597842	2.8521897	0	0	0	0	0	0	0.028639524	49.340715
-1.6757175	48.311396	4.2105859	6.8398382	7.1934719	16.111726	1.0777561	0	3.9830848	8.6597823	2.9050968	0	0	0	0	0	0	0.029599375	49.307663
-1.634512	48.281631	4.2097952	6.8310693	7.1924563	16.108735	1.1140219	0	3.9669535	8.6597802	2.9641465	0	0	0	0	0	0	0.030696458	49.270715
-1.5934598	48.248443	4.2089484	6.821264	7.1912897	16.105461	1.1544871	0	3.9488521	8.6597778	3.0298863	0	0	0	0	0	0	0.031948856	49.229641
-1.5512937	48.210249	4.2080127	6.8103023	7.1899501	16.101763	1.2011276	0	3.9285709	8.6597752	3.1036738	0	0	0	0	0	0	0.033384108	49.183192
-1.5100415	48.168382	4.2070278	6.7980512	7.1884122	16.097783	1.2523253	0	3.9056872	8.6597722	3.1854429	0	0	0	0	0	0	0.035019106	49.132098
-1.4685211	48.121218	4.2059619	6.7843627	7.1866469	16.093379	1.310122	0	3.8798988	8.6597686	3.2766982	0	0	0	0	0	0	0.036887832	49.075056
-1.4317983	48.074836	4.2049524	6.7690726	7.1846213	16.08912	1.3669934	0	3.8504956	8.6597651	3.3753039	0	0	0	0	0	0	0.038994139	49.015846
-1.3872161	48.011963	4.2036363	6.7519988	7.1822972	16.083446	1.4444889	0	3.8177224	8.6597609	3.4903917	0	0	0	0	0	0	0.041448559	48.942846
-1.3467875	47.948023	4.202351	6.7329397	7.1796312	16.077778	1.5234548	0	3.7803599	8.6597564	3.6155573	0	0	0	0	0	0	0.044223729	48.865925
-1.30103	47.866752	4.2007825	6.7116721	7.1765735	16.070699	1.6243453	0	3.7382417	8.6597507	3.7593907	0	0	0	0	0	0	0.047434282	48.774358
-1.2596373	47.78414	4.1992518	6.6879496	7.1730674	16.063629	1.7271597	0	3.6902296	8.6597447	3.9157437	0	0	0	0	0	0	0.051065583	48.678019
-1.2218487	47.700331	4.1977547	6.6615004	7.1690475	16.056567	1.8316796	0	3.6357321	8.6597379	4.0860574	0	0	0	0	0	0	0.055175466	48.576418
-1.1804561	47.598348	4.1959981	6.6320251	7.1644396	16.048103	1.9445553	0.020227038	3.5619828	8.6597292	4.2792814	0	0	0	0	0	0	0.059911636	48.465399
-1.1366771	47.477647	4.1939978	6.599195	7.1591584	16.038243	2.0710152	0.053866901	3.4733251	8.6597188	4.4971647	0	0	0	0	0	0	0.065343799	48.341325
-1.09691	47.355321	4.1920446	6.5626496	7.1531067	16.028398	2.1985726	0.088189446	3.3767915	8.6597076	4.7342144	0	0	0	0	0	0	0.071498623	48.209506
-1.0555173	47.213792	4.1898639	6.5219947	7.1461733	16.017166	2.3457853	0.12821855	3.2686243	8.6596951	4.9999102	0	0	0	0	0	0	0.07854788	48.060228
-1.0132283	47.05268	4.1874693	6.4768009	7.1382314	16.004554	2.5129231	0.1741204	3.1478892	8.6596809	5.2965368	0	0	0	0	0	0	0.086610347	47.892504
-0.97061622	46.871685	4.1848737	6.4266018	7.1291361	15.990571	2.7001716	0.22603232	3.0135607	8.6596652	5.6265903	0	0	0	0	0	0	0.095821588	47.705291
-0.93181414	46.688957	4.1823393	6.3717405	7.1187222	15.976618	2.8883702	0.27866345	2.8689936	8.6596484	5.9815415	0	0	0	0	0	0	0.10626925	47.508137
-0.88941029	46.467832	4.1793703	6.3131177	7.1068016	15.959916	3.1159008	0.34274977	2.7100164	8.6596298	6.3722862	0	0	0	0	0	0	0.11826371	47.284115
-0.84771165	46.2265	4.1762335	6.250618	7.0931598	15.941873	3.3635349	0.41299158	2.5390648	8.6596099	6.7925251	0	0	0	0	0	0	0.13193856	47.041951
-0.8068754	45.96508	4.1729383	6.1841455	7.077553	15.922499	3.6310506	0.48933261	2.3557214	8.6595885	7.2432731	0	0	0	0	0	0	0.14752221	46.781296
-0.76447155	45.66502	4.1692663	6.1136265	7.059704	15.900431	3.9376839	0.57727426	2.1567595	8.6595653	7.7327483	0	0	0	0	0	0	0.16534044	46.492581
-0.72353819	45.345383	4.1654633	6.0390133	7.0392983	15.877068	4.2634347	0.67110168	1.9446164	8.6595405	8.2546369	0	0	0	0	0	0	0.1856213	46.184822
-0.68193666	44.987912	4.1613202	5.9602872	7.0159792	15.85106	4.6272155	0.77620086	1.7161129	8.6595139	8.8170381	0	0	0	0	0	0	0.20876447	45.848595
-0.64016452	44.593393	4.1568592	5.8774613	6.9893435	15.822439	5.0280962	0.89224754	1.4709107	8.6594853	9.4207574	0	0	0	0	0	0	0.23514711	45.48386
-0.59859946	44.162941	4.1521007	5.790583	6.9589354	15.791243	5.4648292	1.0187714	1.2086859	8.6594547	10.06656	0	0	0	0	0	0	0.26519516	45.090701
-0.55752023	43.697998	4.147064	5.6997359	6.9242418	15.75751	5.9358535	1.1551578	0.92912636	8.6594221	10.755175	0	0	0	0	0	0	0.29938865	44.669326
-0.51712642	43.200312	4.1417666	5.6050408	6.8846858	15.721284	6.4393156	1.3006512	0.63190342	8.6593874	11.487373	0	0	0	0	0	0	0.33824755	44.220033
-0.47495519	42.635726	4.135848	5.5081444	6.8396212	15.67995	7.0107177	1.4651508	0.31416346	8.6593504	12.270771	0	0	0	0	0	0	0.38254062	43.728017
-0.43415218	42.043857	4.1297201	5.4107221	6.7883268	15.63625	7.608963	1.6331982	0	8.6592561	13.085005	0	0	0	0	0	0	0.43282413	43.201877
-0.39254498	41.392588	4.1230394	5.3123768	6.7300009	15.58762	8.2689329	1.7266376	0	8.6518577	13.941451	0	0	0	0	0	0	0.49105956	42.404436
-0.35066514	40.687232	4.1158472	5.2127879	6.6637571	15.534178	8.9532796	1.912272	0	8.5468536	14.597788	0	0	0	0	0	7.2631459e-008	0.62564731	41.780357
-0.30980392	39.950263	4.10835	5.1116914	6.5886209	15.47734	9.6349708	2.1582768	0	8.4318928	15.050091	0	0	0	0	0	8.8952298e-008	0.84753582	41.270967
-0.26841123	39.1546	4.1002433	5.0088669	6.503529	15.414662	10.366915	2.4251113	0	8.3172369	15.492362	0	0	0	0	0	9.4964473e-008	1.102704	40.743769
-0.22694531	38.308673	4.0915756	4.9041291	6.4073313	15.34633	11.159809	2.697123	0	8.1966483	15.904875	0	0.074536557	0	0	0	9.7991475e-008	1.3479356	40.191035
-0.18508682	37.40664	4.082239	4.7973217	6.3044326	15.271303	12.049601	2.9589674	0	8.1214002	15.905768	0	0.50087762	0	0	0	9.8029491e-008	1.515878	39.715571
-0.14387556	36.473648	4.0724386	4.6883141	6.198209	15.191069	12.975086	3.2243226	0	8.0430449	15.906674	0	0.94484747	0	0	0	9.807107e-008	1.6894754	39.222871
-0.10237291	35.492199	4.0619262	4.5769986	6.0889054	15.103439	13.956353	3.4966237	0	7.9606527	15.907615	0	1.4116977	0	0	0	9.8116212e-008	1.868522	38.705067
-0.060980223	34.475531	4.0507653	4.4632889	5.9767933	15.008761	14.98105	3.7705729	0	7.8743516	15.908561	0	1.9007418	0	0	0	9.8165669e-008	2.0525622	38.167021
-0.019542108	33.424781	4.0388815	4.3471195	5.8621677	14.906232	16.049915	4.0440077	0	7.7837954	15.909553	0	2.4138853	0	0	0	9.8219936e-008	2.2411975	37.608464
0.021602716	32.354389	4.0263438	4.2284456	5.7453425	14.796302	17.149358	4.3113001	0	7.6891756	15.910528	0	2.9501279	0	0	0	9.8279615e-008	2.4338964	37.034792
0.062957834	31.257573	4.0129664	4.1072431	5.6266463	14.677191	18.289137	4.571877	0	7.5897641	15.911518	0	3.5135587	0	0	0	9.8345012e-008	2.6302882	36.442237
0.10448711	30.141828	3.9987152	3.9835097	5.5072508	14.54843	19.464207	4.8213374	0	7.4854242	15.912508	0	4.1049763	0	0	0	9.8416337e-008	2.8285653	35.833248
0.14581771	29.024349	3.9836844	3.8572655	5.387892	14.41075	20.658234	5.0533704	0	7.3764988	15.913485	0	4.722448	0	0	0	9.8493856e-008	3.0275112	35.214512
0.18723862	27.904717	3.9677383	3.7330839	5.2680283	14.262817	21.873879	5.2654926	0	7.264109	15.914453	0	5.3596001	0	0	0	9.8576259e-008	3.2280849	34.587996
0.22865696	26.7928	3.9508767	3.6113425	5.1472384	14.104559	23.102213	5.4531512	0	7.1483468	15.915405	0	6.0159208	0	0	0	9.8663707e-008	3.4309563	33.957191
0.26997968	25.6982	3.9331095	3.4922209	5.0251887	13.936043	24.334332	5.6121914	0	7.0292908	15.916333	0	6.6909722	0	0	0	9.8756322e-008	3.6366412	33.325478
0.31132995	24.624367	3.914356	3.3758703	4.9016125	13.756526	25.568462	5.7395859	0	6.9066806	15.917236	0	7.3862365	0	0	0	9.8854116e-008	3.845621	32.693446
0.35218252	23.590652	3.8948442	3.2624144	4.7784955	13.56828	26.784123	5.8311272	0	6.7815889	15.918097	0	8.0956414	0	0	0	9.89561e-008	4.0545889	32.070148
0.39445168	22.555253	3.8736005	3.1519517	4.6561638	13.361993	28.037143	5.886731	0	6.6502396	15.918966	0	8.8405711	0	0	0	9.9063676e-008	4.2637815	31.433606
0.43616265	21.572502	3.8515629	3.0445564	4.5348793	13.146927	29.261026	5.9007391	0	6.5164805	15.919787	0	9.5992444	0	0	0	9.9174862e-008	4.4720382	30.810257
0.47712125	20.649078	3.8288662	2.9402811	4.4148823	12.924704	30.446817	5.8734375	0	6.3810065	15.920556	0	10.367719	0	0	0	9.9288986e-008	4.6788463	30.203806
0.51851394	19.760809	3.8048515	2.8391583	4.2963904	12.68921	31.628271	5.8033105	0	6.2413281	15.921313	0	11.160083	0	0	0	9.9406864e-008	4.8843625	29.600913
0.55990662	18.919937	3.7797448	2.7412025	4.1795984	12.443065	32.789489	5.6901701	0	6.0985373	15.922031	0	11.97017	0	0	0	9.9527646e-008	5.0880659	29.007988
0.60097289	18.133923	3.7537532	2.6464122	4.0646784	12.18878	33.919048	5.5357569	0	5.9536716	15.922711	0	12.792088	0	0	0	9.9650556e-008	5.2894822	28.429696
0.64246452	17.389198	3.7263991	2.5547717	3.9517803	11.922248	35.037291	5.3378543	0	5.8050442	15.92337	0	13.635394	0	0	0	9.977616e-008	5.4887044	27.857946
0.68394713	16.69426	3.6979609	2.466253	3.8410325	11.646837	36.130168	5.0994781	0	5.6540356	15.923997	0	14.492262	0	0	0	9.9903475e-008	5.6852643	27.298451
0.72509452	16.053322	3.6686908	2.3808176	3.7325432	11.365668	37.187927	4.8250726	0	5.5019163	15.924587	0	15.355484	0	0	0	1.0003155e-007	5.8787327	26.755238
0.76641285	15.457065	3.6382573	2.2984177	3.626401	11.076302	38.223836	4.5138876	0	5.3476699	15.925154	0	16.230814	0	0	0	1.0016087e-007	6.0691683	26.223027
0.80821097	14.900563	3.6064385	2.218998	3.5306141	10.777517	39.249798	4.165163	0	5.1911469	15.925709	0	17.119086	0	0	0	1.0028988e-007	6.2440738	25.700893
0.84941941	14.395973	3.5740901	2.1424969	3.4498589	10.478173	40.240514	3.7910925	0	5.0361774	15.926234	0	17.998571	0	0	0	1.0041524e-007	6.3953634	25.201455
0.8909796	13.929229	3.5405272	2.0688476	3.3805625	10.172759	41.217285	3.3870772	0	4.8803077	15.926744	0	18.883184	0	0	0	1.0053841e-007	6.5291102	24.714366
0.93247376	13.503132	3.5061312	1.9979792	3.320263	9.8656547	42.167541	2.9609094	0	4.725196	15.927235	0	19.763519	0	0	0	1.0066138e-007	6.6488346	24.243605
0.97358962	13.117858	3.4712355	1.9298176	3.2671928	9.5605707	43.082772	2.5201373	0	4.5722537	15.927702	0	20.631559	0	0	0	1.0078094e-007	6.7570158	23.791885
1.0149403	12.765027	3.4353919	1.8642867	3.2200407	9.2543431	43.976001	2.0622297	0	4.4200948	15.928147	0	21.495177	0	0	0	1.0089924e-007	6.8559757	23.353285
1.0565237	12.442779	3.3986656	1.8054976	3.1778086	8.948386	44.845574	1.5909485	0	4.2707739	15.928576	0	22.342696	0	0	0	1.0101414e-007	6.9471671	22.931127
1.0979511	12.151791	3.3614805	1.7545863	3.139676	8.646916	45.682088	1.114583	0	4.1264057	15.928983	0	23.162112	0	0	0	1.0112449e-007	7.0315453	22.529833
1.1392492	11.889225	3.3239065	1.7097897	3.1049818	8.3509864	46.485628	0.63659381	0	3.9867371	15.929373	0	23.954858	0	0	0	1.0123079e-007	7.1100631	22.147857
1.1806992	11.651065	3.285781	1.669857	3.0732095	8.0597937	47.261136	0.15720234	0	3.8509516	15.929744	0	24.725573	0	0	0	1.0133384e-007	7.1835981	21.782089
1.2219356	11.437228	3.2475379	1.6338702	3.043947	7.7769921	47.643372	0	0	3.7400332	15.93118	0	25.353372	0	0	0	1.0190339e-007	7.3323204	21.490147
1.2633993	11.24342	3.208869	1.6011366	3.0168598	7.5005556	47.825605	0	0	3.6406245	15.933079	0	25.91506	0	0	0	1.0264271e-007	7.507684	21.237106
1.3049212	11.068746	3.1700338	1.5711211	2.9916723	7.2325696	47.987749	0	0	3.5428868	15.93488	0	26.4674	0	0	0	1.0330971e-007	7.6677959	20.995145
1.3461573	10.912735	3.1314588	1.5434027	2.9681549	6.9759159	48.131014	0	0	3.4477094	15.936573	0	27.005356	0	0	0	1.0390635e-007	7.8122744	20.765405
1.3875678	10.771943	3.092818	1.5176441	2.946114	6.7282958	48.259437	0	0	3.3544082	15.938176	0	27.532787	0	0	0	1.0444534e-007	7.9431869	20.54519
1.4289443	10.645654	3.0544095	1.4935714	2.9253846	6.4914748	48.374177	0	0	3.2636998	15.939678	0	28.045636	0	0	0	1.0492889e-007	8.0610461	20.335268
1.469822	10.533652	3.01676	1.4709593	2.9058255	6.2682402	48.475759	0	0	3.1767459	15.941072	0	28.537322	0	0	0	1.0535729e-007	8.1662726	20.137391
1.5118834	10.430357	2.9784273	1.4496204	2.8873143	6.0498939	48.570028	0	0	3.0906607	15.942409	0	29.024152	0	0	0	1.0575109e-007	8.2628169	19.944321
1.5526682	10.34063	2.9417443	1.4293971	2.8697446	5.8492647	48.652163	0	0	3.010216	15.943614	0	29.479144	0	0	0	1.060917e-007	8.3480493	19.766033
1.5943925	10.258401	2.9048017	1.4101351	2.8529981	5.6553049	48.728398	0	0	2.9316048	15.944754	0	29.923815	0	0	0	1.064016e-007	8.4262351	19.593552
1.6354837	10.185926	2.8690801	1.3916463	2.8369016	5.4753462	48.796307	0	0	2.8576475	15.945794	0	30.342203	0	0	0	1.0667245e-007	8.4965903	19.432558
1.6776069	10.119495	2.8332205	1.373792	2.8213274	5.3020649	48.859726	0	0	2.7857483	15.946774	0	30.748988	0	0	0	1.0691798e-007	8.5617929	19.277071
1.7185017	10.06184	2.7992106	1.3564672	2.8061784	5.1444253	48.915502	0	0	2.7194027	15.947642	0	31.124402	0	0	0	1.0712855e-007	8.6206795	19.13425
1.7604225	10.009005	2.7652329	1.3395904	2.7913793	4.9933334	48.967842	0	0	2.6552735	15.948449	0	31.487317	0	0	0	1.0731881e-007	8.6758424	18.996735
1.8014037	9.9628527	2.7329367	1.3230976	2.7768704	4.8555439	49.01439	0	0	2.5960282	15.949172	0	31.822624	0	0	0	1.0748262e-007	8.7265051	18.869979
1.8432328	9.9207654	2.7009575	1.3069377	2.7626038	4.7246039	49.058009	0	0	2.5392631	15.949834	0	32.143935	0	0	0	1.0762968e-007	8.7743356	18.748755
1.8842288	9.8839232	2.6706192	1.2910695	2.7485406	4.6053546	49.096998	0	0	2.4869109	15.950424	0	32.440296	0	0	0	1.0775639e-007	8.8188513	18.637013
1.9258276	9.8505287	2.6408816	1.2754597	2.7346485	4.4930914	49.133376	0	0	2.4371954	15.950961	0	32.721762	0	0	0	1.0786951e-007	8.8611652	18.530929
1.9670797	9.8209633	2.6124564	1.2600811	2.7209011	4.3899994	49.166396	0	0	2.3910071	15.951446	0	32.983279	0	0	0	1.0796815e-007	8.9011641	18.432306
2.0086002	9.7943979	2.5849331	1.2449111	2.7072762	4.2940525	49.196933	0	0	2.3475851	15.951888	0	33.229153	0	0	0	1.0805552e-007	8.939371	18.339499
2.0499929	9.7707637	2.5585891	1.2299315	2.6937551	4.2057427	49.224839	0	0	2.3071497	15.952279	0	33.458145	0	0	0	1.0813224e-007	8.9758752	18.252931
2.0913152	9.7497053	2.533383	1.2151272	2.6803221	4.1244406	49.250377	0	0	2.269473	15.952629	0	33.671534	0	0	0	1.0819982e-007	9.010906	18.172102
2.1325798	9.7309355	2.5092988	1.2004857	2.6669638	4.0496475	49.27375	0	0	2.2343737	15.952947	0	33.870339	0	0	0	1.0825945e-007	9.0446439	18.096615
2.1740598	9.7141	2.4861753	1.185997	2.6536691	3.980474	49.295309	0	0	2.201513	15.953231	0	34.056483	0	0	0	1.0831249e-007	9.0772999	18.025749
2.2153731	9.6991409	2.4642141	1.1716526	2.6404282	3.9171536	49.315986	0	0	2.1864595	15.953427	0	34.141646	0	0.064926326	0	1.0834841e-007	9.1081847	17.96678
2.2569581	9.6857107	2.4431685	1.157446	2.627233	3.8586356	49.337743	0	0	2.2115324	15.953433	0	33.999246	0	0.29010435	0	1.0835337e-007	9.1364979	17.92925
2.2981979	9.6738313	2.4233268	1.1433718	2.6140766	3.8053975	49.357348	0	0	2.233916	15.953443	0	33.872111	0	0.49497849	0	1.0835804e-007	9.1642689	17.893931
2.3396502	9.6631796	2.404391	1.1294257	2.600953	3.7563372	49.37531	0	0	2.2541415	15.953451	0	33.757236	0	0.68361884	0	1.0836251e-007	9.1916087	17.860347
2.3802112	9.6538742	2.3868143	1.1156046	2.5878571	3.7123264	49.391112	0	0	2.2717521	15.953459	0	33.657214	0	0.85265899	0	1.0836671e-007	9.2184477	17.82888
2.4232459	9.6450786	2.3691642	1.1019059	2.5747848	3.6696157	49.406715	0	0	2.2886982	15.953467	0	33.560964	0	1.0165509	0	1.0837088e-007	9.2451295	17.797927
2.463893	9.6376796	2.3534059	1.0883279	2.5617324	3.6327453	49.4196	0	0	2.3026207	15.953469	0	33.481894	0	1.1578101	0	1.0837473e-007	9.2712534	17.769462
2.50515	9.6309745	2.3382855	1.0748695	2.5486968	3.5984935	49.431461	0	0	2.3151912	15.953477	0	33.410494	0	1.2888422	0	1.0837846e-007	9.2971136	17.742101
2.5465427	9.6249746	2.3239669	1.06153	2.5356754	3.5670828	49.442127	0	0	2.3262985	15.953481	0	33.347411	0	1.4088022	0	1.0838206e-007	9.3226944	17.715956
2.587711	9.619652	2.3105379	1.0483092	2.5226661	3.5385383	49.451523	0	0	2.3359325	15.953482	0	33.292699	0	1.517607	0	1.083855e-007	9.3479978	17.691055
2.6294096	9.6148456	2.2977262	1.0352071	2.5096672	3.5121408	49.460023	0	0	2.3444669	15.953487	0	33.244226	0	1.6180317	0	1.0838884e-007	9.3730908	17.667088
2.6711728	9.6105574	2.2856564	1.0222243	2.496677	3.4880274	49.467496	0	0	2.3518348	15.953492	0	33.202376	0	1.7095627	0	1.0839207e-007	9.397964	17.644132
2.7118072	9.6068355	2.2746106	1.0093612	2.4836944	3.4666117	49.473616	0	0	2.3578291	15.953495	0	33.168332	0	1.7906359	0	1.0839515e-007	9.4225823	17.622396
2.7535831	9.6034221	2.2639375	0.99661877	2.4707184	3.4465206	49.479209	0	0	2.3631586	15.953497	0	33.138065	0	1.8665203	0	1.0839815e-007	9.4470706	17.601262
2.7951846	9.600394	2.253963	0.98399803	2.4577482	3.4282889	49.483887	0	0	2.3675526	15.953499	0	33.113111	0	1.9351843	0	1.0840107e-007	9.4713823	17.580992
2.8363241	9.5977242	2.2447082	0.97150009	2.444783	3.4118525	49.487639	0	0	2.3710492	15.9535	0	33.093254	0	1.9968936	0	1.0840388e-007	9.4955245	17.561571
2.8779469	9.5953159	2.2359284	0.95912618	2.4318225	3.3966962	49.490775	0	0	2.3739145	15.953501	0	33.076983	0	2.0536236	0	1.0840659e-007	9.5195437	17.54277
2.9190781	9.5931942	2.2277984	0.9468776	2.4188662	3.3830487	49.493092	0	0	2.3760369	15.953502	0	33.064932	0	2.1045206	0	1.0840927e-007	9.5434209	17.524711
2.9604708	9.59129	2.2201344	0.9347557	2.4059138	3.3705331	49.494821	0	0	2.3776116	15.953501	0	33.055992	0	2.1510317	0	1.0841185e-007	9.56719	17.507225
3.0017337	9.5895973	2.2129825	0.92276185	2.392965	3.3591676	49.495914	0	0	2.3786324	15.953505	0	33.050191	0	2.1931024	0	1.0841437e-007	9.5908492	17.490331
3.0433623	9.5880752	2.2062327	0.91089747	2.3800197	3.3487267	49.496506	0	0	2.3792175	15.953501	0	33.046877	0	2.2315929	0	1.0841682e-007	9.61442	17.473933
3.0845763	9.5867319	2.1999841	0.89916393	2.3670778	3.3393153	49.496485	0	0	2.3793174	15.9535	0	33.046315	0	2.2661265	0	1.0841923e-007	9.6378929	17.45809