0.0000 	20.7184 	2.7904 	2.4501 	2.0925 	0.0000 	0.4507 	1.4313 	0.0000 	1.6864 	0.0000 	0.0000 	0.0000 	0.0000 	0.0000 	0.0000 	0.0000 	0.0000 	39.9096 
0.0010 	20.7184 	2.7904 	2.4501 	2.0925 	0.0000 	0.4507 	1.4313 	0.0000 	1.6864 	0.0000 	0.0000 	0.0000 	0.0000 	0.0000 	0.0000 	0.0000 	0.0000 	39.9096 
0.0011 	20.7184 	2.7902 	2.4501 	2.0925 	0.0002 	0.4507 	1.4313 	0.0000 	1.6864 	0.0000 	0.0000 	0.0000 	0.0000 	0.0000 	0.0000 	0.0000 	0.0000 	39.9095 
0.0012 	20.7184 	2.7901 	2.4500 	2.0925 	0.0005 	0.4508 	1.4312 	0.0000 	1.6864 	0.0003 	0.0000 	0.0000 	0.0000 	0.0000 	0.0000 	0.0000 	0.0000 	39.9091 
0.0013 	20.7183 	2.7899 	2.4499 	2.0925 	0.0009 	0.4509 	1.4311 	0.0000 	1.6864 	0.0009 	0.0000 	0.0000 	0.0000 	0.0000 	0.0000 	0.0000 	0.0000 	39.9084 
0.0015 	20.7181 	2.7897 	2.4499 	2.0925 	0.0014 	0.4510 	1.4308 	0.0000 	1.6864 	0.0016 	0.0000 	0.0000 	0.0000 	0.0000 	0.0000 	0.0000 	0.0000 	39.9075 
0.0016 	20.7179 	2.7895 	2.4497 	2.0925 	0.0021 	0.4512 	1.4305 	0.0000 	1.6864 	0.0025 	0.0000 	0.0000 	0.0000 	0.0000 	0.0000 	0.0000 	0.0000 	39.9064 
0.0018 	20.7176 	2.7892 	2.4496 	2.0925 	0.0029 	0.4515 	1.4302 	0.0000 	1.6864 	0.0036 	0.0000 	0.0000 	0.0000 	0.0000 	0.0000 	0.0000 	0.0000 	39.9051 
0.0019 	20.7172 	2.7890 	2.4495 	2.0925 	0.0039 	0.4518 	1.4298 	0.0000 	1.6864 	0.0048 	0.0000 	0.0000 	0.0000 	0.0000 	0.0000 	0.0000 	0.0000 	39.9036 
0.0021 	20.7167 	2.7887 	2.4493 	2.0925 	0.0050 	0.4522 	1.4294 	0.0000 	1.6864 	0.0062 	0.0000 	0.0000 	0.0000 	0.0000 	0.0000 	0.0001 	0.0000 	39.9018 
0.0024 	20.7161 	2.7883 	2.4491 	2.0925 	0.0063 	0.4527 	1.4289 	0.0000 	1.6864 	0.0078 	0.0000 	0.0000 	0.0000 	0.0000 	0.0000 	0.0001 	0.0000 	39.8997 
0.0026 	20.7153 	2.7880 	2.4489 	2.0925 	0.0079 	0.4532 	1.4283 	0.0000 	1.6864 	0.0096 	0.0000 	0.0000 	0.0000 	0.0000 	0.0000 	0.0001 	0.0000 	39.8973 
0.0029 	20.7145 	2.7876 	2.4486 	2.0925 	0.0096 	0.4538 	1.4276 	0.0000 	1.6864 	0.0117 	0.0000 	0.0000 	0.0000 	0.0000 	0.0000 	0.0001 	0.0000 	39.8946 
0.0031 	20.7134 	2.7872 	2.4483 	2.0924 	0.0116 	0.4546 	1.4269 	0.0000 	1.6864 	0.0141 	0.0000 	0.0000 	0.0000 	0.0000 	0.0000 	0.0001 	0.0000 	39.8914 
0.0035 	20.7122 	2.7867 	2.4480 	2.0924 	0.0140 	0.4555 	1.4260 	0.0000 	1.6864 	0.0168 	0.0000 	0.0000 	0.0000 	0.0000 	0.0000 	0.0002 	0.0000 	39.8878 
0.0038 	20.7107 	2.7862 	2.4476 	2.0924 	0.0166 	0.4565 	1.4251 	0.0000 	1.6864 	0.0198 	0.0000 	0.0000 	0.0000 	0.0000 	0.0000 	0.0002 	0.0000 	39.8837 
0.0042 	20.7091 	2.7856 	2.4472 	2.0924 	0.0197 	0.4577 	1.4240 	0.0000 	1.6864 	0.0233 	0.0000 	0.0000 	0.0000 	0.0000 	0.0000 	0.0003 	0.0000 	39.8790 
0.0046 	20.7071 	2.7850 	2.4467 	2.0924 	0.0232 	0.4590 	1.4228 	0.0000 	1.6864 	0.0272 	0.0000 	0.0000 	0.0000 	0.0000 	0.0000 	0.0003 	0.0000 	39.8736 
0.0051 	20.7048 	2.7843 	2.4462 	2.0923 	0.0273 	0.4606 	1.4214 	0.0000 	1.6864 	0.0316 	0.0000 	0.0000 	0.0000 	0.0000 	0.0000 	0.0004 	0.0000 	39.8675 
0.0056 	20.7021 	2.7836 	2.4456 	2.0923 	0.0319 	0.4624 	1.4198 	0.0000 	1.6864 	0.0365 	0.0000 	0.0000 	0.0000 	0.0000 	0.0000 	0.0004 	0.0000 	39.8606 
0.0061 	20.6990 	2.7827 	2.4450 	2.0923 	0.0371 	0.4646 	1.4181 	0.0000 	1.6864 	0.0421 	0.0000 	0.0000 	0.0000 	0.0000 	0.0000 	0.0005 	0.0000 	39.8527 
0.0067 	20.6954 	2.7818 	2.4442 	2.0922 	0.0431 	0.4670 	1.4161 	0.0000 	1.6864 	0.0483 	0.0000 	0.0000 	0.0000 	0.0000 	0.0000 	0.0006 	0.0000 	39.8437 
0.0074 	20.6913 	2.7808 	2.4434 	2.0921 	0.0500 	0.4698 	1.4139 	0.0000 	1.6864 	0.0554 	0.0000 	0.0000 	0.0000 	0.0000 	0.0000 	0.0007 	0.0000 	39.8335 
0.0081 	20.6865 	2.7797 	2.4424 	2.0921 	0.0578 	0.4730 	1.4114 	0.0000 	1.6864 	0.0633 	0.0000 	0.0000 	0.0000 	0.0000 	0.0000 	0.0008 	0.0000 	39.8219 
0.0090 	20.6809 	2.7785 	2.4414 	2.0920 	0.0668 	0.4767 	1.4086 	0.0000 	1.6864 	0.0723 	0.0000 	0.0000 	0.0000 	0.0000 	0.0000 	0.0009 	0.0000 	39.8087 
0.0098 	20.6745 	2.7772 	2.4402 	2.0919 	0.0770 	0.4810 	1.4054 	0.0000 	1.6864 	0.0823 	0.0000 	0.0000 	0.0000 	0.0000 	0.0000 	0.0011 	0.0000 	39.7938 
0.0108 	20.6671 	2.7757 	2.4389 	2.0918 	0.0886 	0.4859 	1.4019 	0.0000 	1.6864 	0.0936 	0.0000 	0.0000 	0.0000 	0.0000 	0.0000 	0.0012 	0.0000 	39.7769 
0.0119 	20.6586 	2.7741 	2.4374 	2.0917 	0.1019 	0.4915 	1.3979 	0.0000 	1.6864 	0.1063 	0.0000 	0.0000 	0.0000 	0.0000 	0.0000 	0.0014 	0.0000 	39.7577 
0.0131 	20.6488 	2.7723 	2.4357 	2.0916 	0.1171 	0.4980 	1.3935 	0.0000 	1.6864 	0.1205 	0.0000 	0.0000 	0.0000 	0.0000 	0.0000 	0.0016 	0.0000 	39.7359 
0.0144 	20.6376 	2.7704 	2.4338 	2.0914 	0.1344 	0.5054 	1.3885 	0.0000 	1.6864 	0.1365 	0.0000 	0.0000 	0.0000 	0.0000 	0.0000 	0.0019 	0.0000 	39.7112 
0.0159 	20.6246 	2.7682 	2.4318 	2.0912 	0.1541 	0.5139 	1.3829 	0.0000 	1.6864 	0.1544 	0.0000 	0.0000 	0.0000 	0.0000 	0.0000 	0.0022 	0.0000 	39.6832 
0.0174 	20.6097 	2.7659 	2.4294 	2.0910 	0.1765 	0.5236 	1.3766 	0.0000 	1.6864 	0.1746 	0.0000 	0.0000 	0.0000 	0.0000 	0.0000 	0.0025 	0.0000 	39.6515 
0.0192 	20.5926 	2.7633 	2.4268 	2.0908 	0.2021 	0.5348 	1.3695 	0.0000 	1.6864 	0.1972 	0.0000 	0.0000 	0.0000 	0.0000 	0.0000 	0.0028 	0.0000 	39.6155 
0.0211 	20.5729 	2.7604 	2.4239 	2.0905 	0.2313 	0.5476 	1.3616 	0.0000 	1.6864 	0.2225 	0.0000 	0.0000 	0.0000 	0.0000 	0.0000 	0.0033 	0.0000 	39.5747 
0.0232 	20.5504 	2.7573 	2.4206 	2.0902 	0.2645 	0.5622 	1.3527 	0.0000 	1.6864 	0.2510 	0.0000 	0.0000 	0.0000 	0.0000 	0.0000 	0.0037 	0.0000 	39.5285 
0.0255 	20.5245 	2.7539 	2.4169 	2.0899 	0.3024 	0.5790 	1.3428 	0.0000 	1.6864 	0.2829 	0.0000 	0.0000 	0.0000 	0.0000 	0.0000 	0.0043 	0.0000 	39.4761 
0.0281 	20.4948 	2.7501 	2.4129 	2.0894 	0.3456 	0.5981 	1.3317 	0.0000 	1.6864 	0.3187 	0.0000 	0.0000 	0.0000 	0.0000 	0.0000 	0.0049 	0.0000 	39.4167 
0.0309 	20.4607 	2.7459 	2.4083 	2.0890 	0.3948 	0.6201 	1.3192 	0.0000 	1.6864 	0.3589 	0.0000 	0.0000 	0.0000 	0.0000 	0.0000 	0.0056 	0.0000 	39.3495 
0.0340 	20.4216 	2.7414 	2.4032 	2.0884 	0.4508 	0.6452 	1.3052 	0.0000 	1.6864 	0.4039 	0.0000 	0.0000 	0.0000 	0.0000 	0.0000 	0.0064 	0.0000 	39.2733 
0.0370 	20.3769 	2.7364 	2.3975 	2.0878 	0.5146 	0.6739 	1.2896 	0.0000 	1.6864 	0.4544 	0.0000 	0.0000 	0.0000 	0.0000 	0.0000 	0.0073 	0.0000 	39.1869 
0.0410 	20.3257 	2.7309 	2.3911 	2.0871 	0.5873 	0.7067 	1.2721 	0.0000 	1.6864 	0.5109 	0.0000 	0.0000 	0.0000 	0.0000 	0.0000 	0.0084 	0.0000 	39.0891 
0.0450 	20.2670 	2.7249 	2.3840 	2.0863 	0.6701 	0.7441 	1.2525 	0.0000 	1.6864 	0.5743 	0.0000 	0.0000 	0.0000 	0.0000 	0.0000 	0.0096 	0.0000 	38.9784 
0.0500 	20.1999 	2.7183 	2.3761 	2.0853 	0.7643 	0.7869 	1.2305 	0.0000 	1.6864 	0.6453 	0.0000 	0.0000 	0.0000 	0.0000 	0.0000 	0.0110 	0.0000 	38.8531 
0.0550 	20.1232 	2.7110 	2.3672 	2.0843 	0.8714 	0.8358 	1.2060 	0.0000 	1.6864 	0.7247 	0.0000 	0.0000 	0.0000 	0.0000 	0.0000 	0.0125 	0.0000 	38.7112 
0.0600 	20.0355 	2.7030 	2.3573 	2.0830 	0.9933 	0.8915 	1.1786 	0.0000 	1.6864 	0.8137 	0.0000 	0.0000 	0.0000 	0.0000 	0.0000 	0.0143 	0.0000 	38.5506 
0.0660 	19.9354 	2.6943 	2.3463 	2.0816 	1.1319 	0.9551 	1.1479 	0.0000 	1.6864 	0.9133 	0.0000 	0.0000 	0.0000 	0.0000 	0.0000 	0.0163 	0.0000 	38.3690 
0.0730 	19.8212 	2.6847 	2.3341 	2.0800 	1.2894 	1.0275 	1.1137 	0.0000 	1.6864 	1.0247 	0.0000 	0.0000 	0.0000 	0.0000 	0.0000 	0.0186 	0.0000 	38.1637 
0.0800 	19.6909 	2.6742 	2.3204 	2.0782 	1.4682 	1.1100 	1.0755 	0.0000 	1.6864 	1.1492 	0.0000 	0.0000 	0.0000 	0.0000 	0.0000 	0.0212 	0.0000 	37.9317 
0.0880 	19.5424 	2.6627 	2.3053 	2.0760 	1.6712 	1.2038 	1.0328 	0.0000 	1.6864 	1.2885 	0.0000 	0.0000 	0.0000 	0.0000 	0.0000 	0.0241 	0.0000 	37.6697 
0.0970 	19.3768 	2.6501 	2.2884 	2.0736 	1.8972 	1.3085 	0.9852 	0.0000 	1.6864 	1.4440 	0.0000 	0.0000 	0.0000 	0.0000 	0.0000 	0.0274 	0.0000 	37.3774 
0.1070 	19.1996 	2.6363 	2.2697 	2.0708 	2.1396 	1.4204 	0.9319 	0.0000 	1.6864 	1.6176 	0.0000 	0.0000 	0.0000 	0.0000 	0.0000 	0.0310 	0.0000 	37.0597 
0.1170 	19.0106 	2.6213 	2.2492 	2.0676 	2.3989 	1.5398 	0.8732 	0.0000 	1.6864 	1.8090 	0.0000 	0.0000 	0.0000 	0.0000 	0.0000 	0.0348 	0.0000 	36.7162 
0.1290 	18.8094 	2.6047 	2.2273 	2.0640 	2.6757 	1.6670 	0.8097 	0.0000 	1.6864 	2.0160 	0.0000 	0.0000 	0.0000 	0.0000 	0.0000 	0.0388 	0.0000 	36.3479 
0.1420 	18.5956 	2.5869 	2.2040 	2.0598 	2.9704 	1.8019 	0.7411 	0.0000 	1.6864 	2.2397 	0.0000 	0.0000 	0.0000 	0.0000 	0.0000 	0.0432 	0.0000 	35.9537 
0.1560 	18.3692 	2.5679 	2.1792 	2.0551 	3.2826 	1.9448 	0.6671 	0.0000 	1.6864 	2.4813 	0.0000 	0.0000 	0.0000 	0.0000 	0.0000 	0.0478 	0.0000 	35.5332 
0.1720 	18.1301 	2.5477 	2.1529 	2.0496 	3.6127 	2.0955 	0.5873 	0.0000 	1.6864 	2.7418 	0.0000 	0.0000 	0.0000 	0.0000 	0.0000 	0.0527 	0.0000 	35.0855 
0.1890 	17.8781 	2.5264 	2.1251 	2.0433 	3.9605 	2.2541 	0.5013 	0.0000 	1.6864 	3.0223 	0.0000 	0.0000 	0.0000 	0.0000 	0.0000 	0.0579 	0.0000 	34.6097 
0.2080 	17.6135 	2.5040 	2.0957 	2.0362 	4.3260 	2.4205 	0.4088 	0.0000 	1.6864 	3.3242 	0.0000 	0.0000 	0.0000 	0.0000 	0.0000 	0.0634 	0.0000 	34.1053 
0.2290 	17.3364 	2.4803 	2.0648 	2.0281 	4.7091 	2.5944 	0.3095 	0.0000 	1.6864 	3.6486 	0.0000 	0.0000 	0.0000 	0.0000 	0.0000 	0.0692 	0.0000 	33.5715 
0.2520 	17.0471 	2.4555 	2.0324 	2.0188 	5.1092 	2.7756 	0.2028 	0.0000 	1.6864 	3.9970 	0.0000 	0.0000 	0.0000 	0.0000 	0.0000 	0.0753 	0.0000 	33.0078 
0.2770 	16.7462 	2.4296 	1.9985 	2.0081 	5.5258 	2.9638 	0.0884 	0.0000 	1.6864 	4.3707 	0.0000 	0.0000 	0.0000 	0.0000 	0.0000 	0.0817 	0.0000 	32.4139 
0.3040 	16.4340 	2.4025 	1.9631 	1.9960 	5.9618 	3.1503 	0.0000 	0.0000 	1.6864 	4.7713 	0.0000 	0.0000 	0.0000 	0.0000 	0.0000 	0.0884 	0.0000 	31.7641 
0.3350 	16.1113 	2.3744 	1.9270 	1.9823 	6.4238 	3.3155 	0.0000 	0.0000 	1.6863 	5.1962 	0.0000 	0.0000 	0.0000 	0.0000 	0.0000 	0.0954 	0.0000 	31.0113 
0.3680 	15.7789 	2.3452 	1.8906 	1.9666 	6.8841 	3.5000 	0.0000 	0.0000 	1.6863 	5.5222 	0.0000 	0.0000 	0.0000 	0.0000 	0.0000 	0.1026 	0.0250 	30.3238 
0.4050 	15.4375 	2.3150 	1.8539 	1.9487 	7.3261 	3.7233 	0.0000 	0.0000 	1.6863 	5.6439 	0.0000 	0.0000 	0.0000 	0.0000 	0.0000 	0.1101 	0.0975 	29.7909 
0.4460 	15.0882 	2.2839 	1.8168 	1.9284 	7.7873 	3.9407 	0.0000 	0.0000 	1.6862 	5.8407 	0.0000 	0.0000 	0.0000 	0.0000 	0.0000 	0.1179 	0.1606 	29.1849 
0.4900 	14.7319 	2.2519 	1.7790 	1.9055 	8.2702 	4.2106 	0.0000 	0.0000 	1.6862 	5.9021 	0.0000 	0.0000 	0.0000 	0.0000 	0.0000 	0.1807 	0.1928 	28.6365 
0.5390 	14.3697 	2.2191 	1.7407 	1.8794 	8.7617 	4.5010 	0.0000 	0.0000 	1.6862 	5.9151 	0.0000 	0.0000 	0.0000 	0.0000 	0.0000 	0.2610 	0.2221 	28.1047 
0.5930 	14.0027 	2.1856 	1.7016 	1.8500 	9.2559 	4.7708 	0.0000 	0.0000 	1.6862 	6.0221 	0.0000 	0.0000 	0.0000 	0.0000 	0.0000 	0.3195 	0.2669 	27.5042 
0.6530 	13.6322 	2.1514 	1.6617 	1.8185 	9.7410 	5.0157 	0.0000 	0.0000 	1.6783 	6.2234 	0.0000 	0.0000 	0.0000 	0.0000 	0.0000 	0.3392 	0.3433 	26.8534 
0.7180 	13.2591 	2.1167 	1.6211 	1.7860 	10.2197 	5.2768 	0.0000 	0.0000 	1.6589 	6.3779 	0.0000 	0.0000 	0.0000 	0.0000 	0.0000 	0.3591 	0.4310 	26.2401 
0.7900 	12.8846 	2.0815 	1.5795 	1.7526 	10.6970 	5.5424 	0.0000 	0.0000 	1.6384 	6.5185 	0.0000 	0.0000 	0.0000 	0.0000 	0.0000 	0.3793 	0.5247 	25.6354 
0.8690 	12.5099 	2.0459 	1.5371 	1.7183 	11.1727 	5.8099 	0.0000 	0.0000 	1.6179 	6.6526 	0.0000 	0.0000 	0.0000 	0.0000 	0.0000 	0.3996 	0.6228 	25.0341 
0.9560 	12.1360 	2.0099 	1.4937 	1.6832 	11.6461 	6.0779 	0.0000 	0.0000 	1.5970 	6.7859 	0.0000 	0.0000 	0.0000 	0.0000 	0.0000 	0.4200 	0.7241 	24.4328 
1.0510 	11.7640 	1.9737 	1.4495 	1.6474 	12.1167 	6.3453 	0.0000 	0.0000 	1.5752 	6.9240 	0.0000 	0.0000 	0.0000 	0.0000 	0.0000 	0.4404 	0.8272 	23.8285 
1.1560 	11.3947 	1.9374 	1.4042 	1.6111 	12.5840 	6.6109 	0.0000 	0.0000 	1.5515 	7.0709 	0.0000 	0.0007 	0.0000 	0.0000 	0.0000 	0.4609 	0.9306 	23.2184 
1.2720 	11.0292 	1.9009 	1.3581 	1.5746 	13.0641 	6.8639 	0.0000 	0.0000 	1.5342 	7.0787 	0.0000 	0.1210 	0.0000 	0.0000 	0.0000 	0.4813 	1.0015 	22.6588 
1.3990 	10.6681 	1.8645 	1.3110 	1.5381 	13.5387 	7.1140 	0.0000 	0.0000 	1.5166 	7.0853 	0.0000 	0.2449 	0.0000 	0.0000 	0.0000 	0.5016 	1.0721 	22.1023 
1.5390 	10.3123 	1.8281 	1.2646 	1.5014 	14.0065 	7.3606 	0.0000 	0.0000 	1.4992 	7.0918 	0.0000 	0.3670 	0.0000 	0.0000 	0.0000 	0.5216 	1.1430 	21.5530 
1.6930 	9.9624 	1.7918 	1.2192 	1.4644 	14.4665 	7.6034 	0.0000 	0.0000 	1.4821 	7.0982 	0.0000 	0.4870 	0.0000 	0.0000 	0.0000 	0.5415 	1.2144 	21.0117 
1.8620 	9.6191 	1.7557 	1.1747 	1.4271 	14.9176 	7.8419 	0.0000 	0.0000 	1.4654 	7.1045 	0.0000 	0.6047 	0.0000 	0.0000 	0.0000 	0.5611 	1.2866 	20.4794 
2.0480 	9.2827 	1.7198 	1.1313 	1.3893 	15.3592 	8.0759 	0.0000 	0.0000 	1.4490 	7.1106 	0.0000 	0.7200 	0.0000 	0.0000 	0.0000 	0.5804 	1.3597 	19.9566 
2.2500 	8.9537 	1.6842 	1.0890 	1.3516 	15.7913 	8.3049 	0.0000 	0.0000 	1.4330 	7.1166 	0.0000 	0.8326 	0.0000 	0.0000 	0.0000 	0.5994 	1.4325 	19.4443 
2.4800 	8.6325 	1.6490 	1.0478 	1.3142 	16.2133 	8.5288 	0.0000 	0.0000 	1.4173 	7.1225 	0.0000 	0.9424 	0.0000 	0.0000 	0.0000 	0.6180 	1.5049 	18.9434 
2.7300 	8.3194 	1.6141 	1.0077 	1.2771 	16.6250 	8.7472 	0.0000 	0.0000 	1.4021 	7.1282 	0.0000 	1.0494 	0.0000 	0.0000 	0.0000 	0.6363 	1.5766 	18.4541 
3.0000 	8.0146 	1.5796 	0.9688 	1.2404 	17.0261 	8.9601 	0.0000 	0.0000 	1.3873 	7.1339 	0.0000 	1.1534 	0.0000 	0.0000 	0.0000 	0.6541 	1.6476 	17.9769 
3.3000 	7.7181 	1.5455 	0.9311 	1.2041 	17.4164 	9.1672 	0.0000 	0.0000 	1.3730 	7.1393 	0.0000 	1.2544 	0.0000 	0.0000 	0.0000 	0.6715 	1.7176 	17.5120 
3.6300 	7.4303 	1.5120 	0.8945 	1.1684 	17.7958 	9.3686 	0.0000 	0.0000 	1.3590 	7.1446 	0.0000 	1.3524 	0.0000 	0.0000 	0.0000 	0.6885 	1.7867 	17.0597 
3.9900 	7.1510 	1.4788 	0.8591 	1.1332 	18.1643 	9.5642 	0.0000 	0.0000 	1.3455 	7.1497 	0.0000 	1.4473 	0.0000 	0.0000 	0.0000 	0.7050 	1.8547 	16.6202 
4.3900 	6.8804 	1.4462 	0.8249 	1.0987 	18.5218 	9.7540 	0.0000 	0.0000 	1.3324 	7.1547 	0.0000 	1.5392 	0.0000 	0.0000 	0.0000 	0.7210 	1.9214 	16.1933 
4.8300 	6.6183 	1.4188 	0.7919 	1.0648 	18.8603 	9.9367 	0.0000 	0.0000 	1.3198 	7.1594 	0.0000 	1.6283 	0.0000 	0.0000 	0.0000 	0.7366 	1.9869 	15.7846 
5.3100 	6.3648 	1.3959 	0.7600 	1.0316 	19.1810 	10.1126 	0.0000 	0.0000 	1.3075 	7.1639 	0.0000 	1.7144 	0.0000 	0.0000 	0.0000 	0.7516 	2.0511 	15.3931 
5.8400 	6.1197 	1.3766 	0.7293 	0.9991 	19.4858 	10.2819 	0.0000 	0.0000 	1.2957 	7.1682 	0.0000 	1.7978 	0.0000 	0.0000 	0.0000 	0.7661 	2.1139 	15.0177 
6.4300 	5.8829 	1.3600 	0.6996 	0.9707 	19.7794 	10.4445 	0.0000 	0.0000 	1.2844 	7.1722 	0.0000 	1.8772 	0.0000 	0.0000 	0.0000 	0.7797 	2.1688 	14.6601 
7.0700 	5.6543 	1.3457 	0.6711 	0.9466 	20.0633 	10.6004 	0.0000 	0.0000 	1.2737 	7.1761 	0.0000 	1.9527 	0.0000 	0.0000 	0.0000 	0.7925 	2.2153 	14.3199 
7.7800 	5.4338 	1.3332 	0.6436 	0.9259 	20.3375 	10.7501 	0.0000 	0.0000 	1.2634 	7.1800 	0.0000 	2.0246 	0.0000 	0.0000 	0.0000 	0.8044 	2.2553 	13.9955 
8.5600 	5.2211 	1.3222 	0.6172 	0.9079 	20.6020 	10.8938 	0.0000 	0.0000 	1.2537 	7.1836 	0.0000 	2.0932 	0.0000 	0.0000 	0.0000 	0.8157 	2.2901 	13.6857 
9.4100 	5.0161 	1.3125 	0.5917 	0.8920 	20.8568 	11.0319 	0.0000 	0.0000 	1.2443 	7.1870 	0.0000 	2.1588 	0.0000 	0.0000 	0.0000 	0.8264 	2.3209 	13.3894 
10.3500 	4.8186 	1.3039 	0.5673 	0.8779 	21.1023 	11.1646 	0.0000 	0.0000 	1.2354 	7.1904 	0.0000 	2.2214 	0.0000 	0.0000 	0.0000 	0.8366 	2.3482 	13.1060 
11.3900 	4.6283 	1.2961 	0.5459 	0.8652 	21.3385 	11.2919 	0.0000 	0.0000 	1.2277 	7.1936 	0.0000 	2.2754 	0.0000 	0.0000 	0.0000 	0.8462 	2.3727 	12.8393 
12.5300 	4.4452 	1.2892 	0.5274 	0.8537 	21.5658 	11.4140 	0.0000 	0.0000 	1.2211 	7.1967 	0.0000 	2.3215 	0.0000 	0.0000 	0.0000 	0.8552 	2.3948 	12.5881 
13.7800 	4.2689 	1.2830 	0.5110 	0.8433 	21.7843 	11.5313 	0.0000 	0.0000 	1.2154 	7.1997 	0.0000 	2.3615 	0.0000 	0.0000 	0.0000 	0.8637 	2.4149 	12.3507 
15.1600 	4.0993 	1.2773 	0.4964 	0.8338 	21.9943 	11.6439 	0.0000 	0.0000 	1.2104 	7.2026 	0.0000 	2.3966 	0.0000 	0.0000 	0.0000 	0.8718 	2.4333 	12.1256 
16.6700 	3.9362 	1.2722 	0.4832 	0.8250 	22.1962 	11.7519 	0.0000 	0.0000 	1.2059 	7.2054 	0.0000 	2.4278 	0.0000 	0.0000 	0.0000 	0.8795 	2.4503 	11.9117 
18.3400 	3.7793 	1.2675 	0.4712 	0.8170 	22.3902 	11.8557 	0.0000 	0.0000 	1.2019 	7.2081 	0.0000 	2.4559 	0.0000 	0.0000 	0.0000 	0.8869 	2.4659 	11.7080 
20.1800 	3.6285 	1.2633 	0.4603 	0.8094 	22.5766 	11.9553 	0.0000 	0.0000 	1.1982 	7.2106 	0.0000 	2.4812 	0.0000 	0.0000 	0.0000 	0.8939 	2.4805 	11.5139 
22.1900 	3.4836 	1.2594 	0.4501 	0.8024 	22.7556 	12.0509 	0.0000 	0.0000 	1.1949 	7.2131 	0.0000 	2.5044 	0.0000 	0.0000 	0.0000 	0.9005 	2.4940 	11.3286 
24.4100 	3.3442 	1.2558 	0.4407 	0.7959 	22.9274 	12.1427 	0.0000 	0.0000 	1.1918 	7.2155 	0.0000 	2.5257 	0.0000 	0.0000 	0.0000 	0.9069 	2.5067 	11.1516 
26.8500 	3.2104 	1.2525 	0.4319 	0.7897 	23.0925 	12.2309 	0.0000 	0.0000 	1.1889 	7.2178 	0.0000 	2.5454 	0.0000 	0.0000 	0.0000 	0.9130 	2.5186 	10.9823 
29.5000 	3.0817 	1.2495 	0.4236 	0.7839 	23.2509 	12.3155 	0.0000 	0.0000 	1.1863 	7.2200 	0.0000 	2.5638 	0.0000 	0.0000 	0.0000 	0.9188 	2.5298 	10.8204 
32.5000 	2.9582 	1.2467 	0.4158 	0.7785 	23.4029 	12.3967 	0.0000 	0.0000 	1.1838 	7.2221 	0.0000 	2.5810 	0.0000 	0.0000 	0.0000 	0.9244 	2.5403 	10.6654 
35.7000 	2.8451 	1.2441 	0.4084 	0.7733 	23.5419 	12.4711 	0.0000 	0.0000 	1.1814 	7.2240 	0.0000 	2.5975 	0.0000 	0.0000 	0.0000 	0.9296 	2.5503 	10.5228 
39.3000 	2.7423 	1.2418 	0.4014 	0.7683 	23.6682 	12.5387 	0.0000 	0.0000 	1.1791 	7.2257 	0.0000 	2.6136 	0.0000 	0.0000 	0.0000 	0.9343 	2.5599 	10.3923 
43.2000 	2.6478 	1.2395 	0.3946 	0.7636 	23.7841 	12.6010 	0.0000 	0.0000 	1.1768 	7.2273 	0.0000 	2.6292 	0.0000 	0.0000 	0.0000 	0.9387 	2.5691 	10.2713 
47.6000 	2.5601 	1.2374 	0.3880 	0.7590 	23.8916 	12.6589 	0.0000 	0.0000 	1.1746 	7.2288 	0.0000 	2.6446 	0.0000 	0.0000 	0.0000 	0.9428 	2.5780 	10.1582 
52.3000 	2.4780 	1.2354 	0.3817 	0.7545 	23.9921 	12.7131 	0.0000 	0.0000 	1.1725 	7.2301 	0.0000 	2.6596 	0.0000 	0.0000 	0.0000 	0.9466 	2.5866 	10.0518 
57.6000 	2.4008 	1.2335 	0.3754 	0.7501 	24.0864 	12.7641 	0.0000 	0.0000 	1.1704 	7.2314 	0.0000 	2.6744 	0.0000 	0.0000 	0.0000 	0.9503 	2.5951 	9.9510 
63.3000 	2.3278 	1.2317 	0.3694 	0.7458 	24.1756 	12.8124 	0.0000 	0.0000 	1.1683 	7.2326 	0.0000 	2.6890 	0.0000 	0.0000 	0.0000 	0.9538 	2.6034 	9.8551 
69.7000 	2.2584 	1.2300 	0.3634 	0.7416 	24.2602 	12.8583 	0.0000 	0.0000 	1.1662 	7.2338 	0.0000 	2.7035 	0.0000 	0.0000 	0.0000 	0.9571 	2.6115 	9.7634 
76.6000 	2.1923 	1.2283 	0.3575 	0.7375 	24.3407 	12.9021 	0.0000 	0.0000 	1.1641 	7.2349 	0.0000 	2.7178 	0.0000 	0.0000 	0.0000 	0.9603 	2.6196 	9.6755 
84.3000 	2.1290 	1.2267 	0.3518 	0.7334 	24.4176 	12.9441 	0.0000 	0.0000 	1.1621 	7.2360 	0.0000 	2.7320 	0.0000 	0.0000 	0.0000 	0.9634 	2.6275 	9.5909 
92.7000 	2.0684 	1.2251 	0.3461 	0.7293 	24.4912 	12.9843 	0.0000 	0.0000 	1.1601 	7.2370 	0.0000 	2.7461 	0.0000 	0.0000 	0.0000 	0.9664 	2.6354 	9.5094 
102.0000 	2.0101 	1.2236 	0.3405 	0.7253 	24.5619 	13.0230 	0.0000 	0.0000 	1.1581 	7.2379 	0.0000 	2.7601 	0.0000 	0.0000 	0.0000 	0.9693 	2.6431 	9.4306 
112.2000 	1.9539 	1.2222 	0.3349 	0.7213 	24.6298 	13.0603 	0.0000 	0.0000 	1.1561 	7.2388 	0.0000 	2.7740 	0.0000 	0.0000 	0.0000 	0.9721 	2.6509 	9.3543 
123.4000 	1.8998 	1.2208 	0.3295 	0.7173 	24.6953 	13.0964 	0.0000 	0.0000 	1.1541 	7.2396 	0.0000 	2.7878 	0.0000 	0.0000 	0.0000 	0.9748 	2.6585 	9.2803 
135.7000 	1.8474 	1.2195 	0.3240 	0.7134 	24.7584 	13.1312 	0.0000 	0.0000 	1.1522 	7.2406 	0.0000 	2.8016 	0.0000 	0.0000 	0.0000 	0.9775 	2.6661 	9.2084 
149.3000 	1.7968 	1.2181 	0.3187 	0.7095 	24.8194 	13.1649 	0.0000 	0.0000 	1.1502 	7.2414 	0.0000 	2.8152 	0.0000 	0.0000 	0.0000 	0.9801 	2.6737 	9.1385 
164.2000 	1.7477 	1.2169 	0.3133 	0.7056 	24.8783 	13.1976 	0.0000 	0.0000 	1.1483 	7.2423 	0.0000 	2.8288 	0.0000 	0.0000 	0.0000 	0.9826 	2.6813 	9.0704 
180.7000 	1.7002 	1.2157 	0.3081 	0.7017 	24.9354 	13.2293 	0.0000 	0.0000 	1.1464 	7.2430 	0.0000 	2.8424 	0.0000 	0.0000 	0.0000 	0.9850 	2.6888 	9.0041 
198.7000 	1.6540 	1.2145 	0.3028 	0.6978 	24.9906 	13.2602 	0.0000 	0.0000 	1.1444 	7.2438 	0.0000 	2.8559 	0.0000 	0.0000 	0.0000 	0.9874 	2.6963 	8.9394 
218.6000 	1.6092 	1.2134 	0.2976 	0.6939 	25.0442 	13.2901 	0.0000 	0.0000 	1.1425 	7.2445 	0.0000 	2.8694 	0.0000 	0.0000 	0.0000 	0.9898 	2.7038 	8.8762 
240.0000 	1.5656 	1.2123 	0.2925 	0.6900 	25.0961 	13.3193 	0.0000 	0.0000 	1.1406 	7.2452 	0.0000 	2.8827 	0.0000 	0.0000 	0.0000 	0.9921 	2.7112 	8.8145 
265.0000 	1.5232 	1.2112 	0.2874 	0.6862 	25.1466 	13.3476 	0.0000 	0.0000 	1.1387 	7.2459 	0.0000 	2.8961 	0.0000 	0.0000 	0.0000 	0.9944 	2.7187 	8.7542 
291.0000 	1.4819 	1.2102 	0.2823 	0.6823 	25.1955 	13.3752 	0.0000 	0.0000 	1.1368 	7.2465 	0.0000 	2.9093 	0.0000 	0.0000 	0.0000 	0.9966 	2.7261 	8.6953 
320.0000 	1.4418 	1.2093 	0.2773 	0.6785 	25.2430 	13.4021 	0.0000 	0.0000 	1.1350 	7.2472 	0.0000 	2.9225 	0.0000 	0.0000 	0.0000 	0.9987 	2.7335 	8.6376 
352.0000 	1.4027 	1.2083 	0.2723 	0.6747 	25.2892 	13.4283 	0.0000 	0.0000 	1.1331 	7.2478 	0.0000 	2.9357 	0.0000 	0.0000 	0.0000 	1.0008 	2.7410 	8.5812 
387.0000 	1.3646 	1.2074 	0.2674 	0.6708 	25.3340 	13.4539 	0.0000 	0.0000 	1.1312 	7.2484 	0.0000 	2.9488 	0.0000 	0.0000 	0.0000 	1.0029 	2.7484 	8.5260 
426.0000 	1.3275 	1.2066 	0.2625 	0.6670 	25.3776 	13.4788 	0.0000 	0.0000 	1.1294 	7.2490 	0.0000 	2.9618 	0.0000 	0.0000 	0.0000 	1.0050 	2.7558 	8.4720 
469.0000 	1.2913 	1.2058 	0.2576 	0.6632 	25.4200 	13.5031 	0.0000 	0.0000 	1.1275 	7.2496 	0.0000 	2.9747 	0.0000 	0.0000 	0.0000 	1.0070 	2.7632 	8.4190 
515.0000 	1.2560 	1.2050 	0.2528 	0.6593 	25.4612 	13.5268 	0.0000 	0.0000 	1.1257 	7.2501 	0.0000 	2.9876 	0.0000 	0.0000 	0.0000 	1.0090 	2.7706 	8.3672 
567.0001 	1.2216 	1.2042 	0.2481 	0.6555 	25.5013 	13.5500 	0.0000 	0.0000 	1.1239 	7.2507 	0.0000 	3.0004 	0.0000 	0.0000 	0.0000 	1.0109 	2.7780 	8.3164 
624.0000 	1.1880 	1.2035 	0.2433 	0.6517 	25.5402 	13.5725 	0.0000 	0.0000 	1.1221 	7.2511 	0.0000 	3.0132 	0.0000 	0.0000 	0.0000 	1.0128 	2.7854 	8.2667 
686.0000 	1.1553 	1.2028 	0.2386 	0.6479 	25.5780 	13.5946 	0.0000 	0.0000 	1.1203 	7.2517 	0.0000 	3.0258 	0.0000 	0.0000 	0.0000 	1.0147 	2.7928 	8.2179 
754.9999 	1.1234 	1.2022 	0.2340 	0.6440 	25.6148 	13.6161 	0.0000 	0.0000 	1.1185 	7.2522 	0.0000 	3.0384 	0.0000 	0.0000 	0.0000 	1.0165 	2.8001 	8.1701 
830.0000 	1.0923 	1.2016 	0.2294 	0.6402 	25.6506 	13.6371 	0.0000 	0.0000 	1.1168 	7.2526 	0.0000 	3.0509 	0.0000 	0.0000 	0.0000 	1.0183 	2.8075 	8.1233 
913.0000 	1.0619 	1.2010 	0.2248 	0.6364 	25.6854 	13.6576 	0.0000 	0.0000 	1.1150 	7.2532 	0.0000 	3.0633 	0.0000 	0.0000 	0.0000 	1.0201 	2.8149 	8.0774 
1004.0000 	1.0323 	1.2005 	0.2203 	0.6326 	25.7192 	13.6776 	0.0000 	0.0000 	1.1132 	7.2536 	0.0000 	3.0756 	0.0000 	0.0000 	0.0000 	1.0218 	2.8223 	8.0325 
1105.0001 	1.0033 	1.2000 	0.2159 	0.6287 	25.7520 	13.6972 	0.0000 	0.0000 	1.1115 	7.2541 	0.0000 	3.0878 	0.0000 	0.0000 	0.0000 	1.0236 	2.8297 	7.9884 
1215.0001 	0.9751 	1.1995 	0.2114 	0.6249 	25.7840 	13.7163 	0.0000 	0.0000 	1.1098 	7.2545 	0.0000 	3.1000 	0.0000 	0.0000 	0.0000 	1.0252 	2.8371 	7.9452 
